+1 (360) 209-4311, +1 (408) 550-6234, +234 701 164 0033, +234 701 298 9213, +234 701 351 0404, +234 701 535 1876, +234
701 584 5796, +234 701 723 1681, +234 703 032 3030, +234 703 037 1091, +234 703 227 0980, +234 703 360 5445, +234 703
423 7492, +234 703 567 6398, +234 703 576 5338, +234 703 664 4952, +234 703 687 6560, +234 703 783 9135, +234 703 959
1387, +234 703 989 4437, +234 705 698 1906, +234 705 749 9870, +234 705 780 8142, +234 706 164 8874, +234 706 325 9350,
+234 706 385 2072, +234 706 473 4639, +234 706 506 2518, +234 706 566 6954, +234 706 627 6558, +234 706 665 8039, +234
706 911 2141, +234 708 046 1957, +234 708 353 4141, +234 708 499 7068, +234 708 636 6354, +234 708 730 2927, +234 708
934 9684, +234 802 242 6830, +234 802 532 2343, +234 802 532 5811, +234 803 703 4092, +234 803 756 1695, +234 803 762
3265, +234 803 843 5891, +234 805 195 3489, +234 805 495 7491, +234 805 879 7872, +234 806 137 2884, +234 806 315 3385,
+234 806 355 9838, +234 806 653 1200, +234 806 664 3682, +234 806 675 5085, +234 806 792 0433, +234 806 829 8230, +234
806 868 8283, +234 806 886 8747, +234 807 234 8080, +234 807 842 1304, +234 808 119 4181, +234 808 355 6509, +234 808
388 5083, +234 808 544 2005, +234 808 608 7669, +234 808 749 5240, +234 808 922 7440, +234 808 957 7547, +234 809 161
8657, +234 809 596 1938, +234 809 842 9249, +234 810 016 5722, +234 810 095 4559, +234 810 187 9578, +234 810 239 0875,
+234 810 253 5104, +234 810 314 5417, +234 810 375 6459, +234 810 459 4655, +234 810 480 5741, +234 810 541 8628, +234
810 544 1227, +234 810 569 4380, +234 810 571 3595, +234 810 571 9324, +234 810 664 9580, +234 810 752 5357, +234 810
766 1580, +234 810 830 5935, +234 810 862 4730, +234 810 889 8075, +234 810 922 3961, +234 810 968 0630, +234 811 124
1714, +234 811 404 6786, +234 811 564 9702, +234 811 610 5838, +234 811 981 6484, +234 812 061 9596, +234 812 613 4509,
+234 812 692 6312, +234 813 023 1616, +234 813 065 6580, +234 813 078 9386, +234 813 101 6928, +234 813 327 2780, +234
813 338 9568, +234 813 363 6744, +234 813 370 4186, +234 813 381 3408, +234 813 389 3289, +234 813 429 4996, +234 813
461 3935, +234 813 536 1130, +234 813 571 3100, +234 813 730 5635, +234 813 845 6270, +234 813 968 4585, +234 814 028
2057, +234 814 058 6617, +234 814 080 9233, +234 814 087 6048, +234 814 096 1477, +234 814 117 0966, +234 814 151 8130,
+234 814 153 1477, +234 814 248 1673, +234 814 250 0832, +234 814 263 9714, +234 814 397 8638, +234 814 400 9005, +234
814 538 6672, +234 814 553 0316, +234 814 650 2955, +234 814 671 7527, +234 814 725 9059, +234 814 787 3750, +234 814
795 5987, +234 814 859 6406, +234 814 909 7878, +234 814 912 8209, +234 814 951 7032, +234 814 982 8732, +234 814 994
4046, +234 815 076 7879, +234 815 432 8122, +234 815 927 9570, +234 815 985 9125, +234 816 004 7046, +234 816 164 5875,
+234 816 195 5469, +234 816 242 2436, +234 816 263 1200, +234 816 356 0682, +234 816 407 1040, +234 816 475 4965, +234
816 516 5248, +234 816 573 3696, +234 816 814 1496, +234 816 818 2451, +234 816 929 3464, +234 816 980 5602, +234 817
022 1953, +234 817 312 4219, +234 817 329 3499, +234 817 605 6319, +234 817 693 2637, +234 817 866 5710, +234 818 058
5083, +234 818 234 6066, +234 818 737 3216, +234 818 922 0258, +234 902 085 5387, +234 902 090 5144, +234 902 126 4295,
+234 902 190 6478, +234 902 352 0640, +234 903 037 5156, +234 903 086 9907, +234 903 180 1403, +234 903 289 7972, +234
903 345 7791, +234 903 366 3427, +234 903 387 1287, +234 903 408 7953, +234 903 411 3082, +234 903 482 9110, +234 903
509 5678, +234 903 537 0138, +234 903 589 9793, +234 903 641 1064, +234 903 650 0976, +234 903 706 3948, +234 903 754
4889, +234 903 763 2667, +234 903 769 0331, +234 903 807 1561, +234 903 853 7312, +234 903 863 9077, +234 903 959 0925,
+234 903 959 9785, +234 905 073 5734, +234 905 353 6633, +234 905 592 2459, +234 905 686 6401, +234 905 693 8791, +234
905 840 9744, +234 905 904 0945, +234 906 015 0264, +234 906 057 1623, +234 906 134 0602, +234 906 360 1646, +234 906
366 3230, +234 906 426 6062, +234 906 471 7975, +234 906 534 6240, +234 906 773 1135, +234 906 794 3258, +234 906 804
6554, +234 906 853 5768, +234 906 891 0886, +234 906 920 4369, +234 906 962 5439, +234 906 978 1252, +234 907 128 8505,
+234 907 271 9389, +234 907 280 9552, +234 907 590 9166, +234 907 613 2980, +234 907 683 9710, +234 907 788 2045, +234
908 546 7345, +234 908 671 8770, +234 909 047 3032, +234 909 173 4082, +234 909 522 6546, +234 909 642 7437, +234 909
829 4617, +234 909 894 0606,+1 (360)
209-4311, +1 (408) 550-6234, +234 701 164 0033, +234 701 298 9213, +234 701 351 0404, +234 701 535 1876, +234 701 584
5796, +234 701 723 1681, +234 703 032 3030, +234 703 037 1091, +234 703 227 0980, +234 703 360 5445, +234 703 423 7492,
+234 703 567 6398, +234 703 576 5338, +234 703 664 4952, +234 703 687 6560, +234 703 783 9135, +234 703 959 1387, +234
703 989 4437, +234 705 698 1906, +234 705 749 9870, +234 705 780 8142, +234 706 164 8874, +234 706 325 9350, +234 706
385 2072, +234 706 473 4639, +234 706 506 2518, +234 706 566 6954, +234 706 627 6558, +234 706 665 8039, +234 706 911
2141, +234 708 046 1957, +234 708 353 4141, +234 708 499 7068, +234 708 636 6354, +234 708 730 2927, +234 708 934 9684,
+234 802 242 6830, +234 802 532 2343, +234 802 532 5811, +234 803 703 4092, +234 803 756 1695, +234 803 762 3265, +234
803 843 5891, +234 805 195 3489, +234 805 495 7491, +234 805 879 7872, +234 806 137 2884, +234 806 315 3385, +234 806
355 9838, +234 806 653 1200, +234 806 664 3682, +234 806 675 5085, +234 806 792 0433, +234 806 829 8230, +234 806 868
8283, +234 806 886 8747, +234 807 234 8080, +234 807 842 1304, +234 808 119 4181, +234 808 355 6509, +234 808 388 5083,
+234 808 544 2005, +234 808 608 7669, +234 808 749 5240, +234 808 922 7440, +234 808 957 7547, +234 809 161 8657, +234
809 596 1938, +234 809 842 9249, +234 810 016 5722, +234 810 095 4559, +234 810 187 9578, +234 810 239 0875, +234 810
253 5104, +234 810 314 5417, +234 810 375 6459, +234 810 459 4655, +234 810 480 5741, +234 810 541 8628, +234 810 544
1227, +234 810 569 4380, +234 810 571 3595, +234 810 571 9324, +234 810 664 9580, +234 810 752 5357, +234 810 766 1580,
+234 810 830 5935, +234 810 862 4730, +234 810 889 8075, +234 810 922 3961, +234 810 968 0630, +234 811 124 1714, +234
811 404 6786, +234 811 564 9702, +234 811 610 5838, +234 811 981 6484, +234 812 061 9596, +234 812 613 4509, +234 812
692 6312, +234 813 023 1616, +234 813 065 6580, +234 813 078 9386, +234 813 101 6928, +234 813 327 2780, +234 813 338
9568, +234 813 363 6744, +234 813 370 4186, +234 813 381 3408, +234 813 389 3289, +234 813 429 4996, +234 813 461 3935,
+234 813 536 1130, +234 813 571 3100, +234 813 730 5635, +234 813 845 6270, +234 813 968 4585, +234 814 028 2057, +234
814 058 6617, +234 814 080 9233, +234 814 087 6048, +234 814 096 1477, +234 814 117 0966, +234 814 151 8130, +234 814
153 1477, +234 814 248 1673, +234 814 250 0832, +234 814 263 9714, +234 814 397 8638, +234 814 400 9005, +234 814 538
6672, +234 814 553 0316, +234 814 650 2955, +234 814 671 7527, +234 814 725 9059, +234 814 787 3750, +234 814 795 5987,
+234 814 859 6406, +234 814 909 7878, +234 814 912 8209, +234 814 951 7032, +234 814 982 8732, +234 814 994 4046, +234
815 076 7879, +234 815 432 8122, +234 815 927 9570, +234 815 985 9125, +234 816 004 7046, +234 816 164 5875, +234 816
195 5469, +234 816 242 2436, +234 816 263 1200, +234 816 356 0682, +234 816 407 1040, +234 816 475 4965, +234 816 516
5248, +234 816 573 3696, +234 816 814 1496, +234 816 818 2451, +234 816 929 3464, +234 816 980 5602, +234 817 022 1953,
+234 817 312 4219, +234 817 329 3499, +234 817 605 6319, +234 817 693 2637, +234 817 866 5710, +234 818 058 5083, +234
818 234 6066, +234 818 737 3216, +234 818 922 0258, +234 902 085 5387, +234 902 090 5144, +234 902 126 4295, +234 902
190 6478, +234 902 352 0640, +234 903 037 5156, +234 903 086 9907, +234 903 180 1403, +234 903 289 7972, +234 903 345
7791, +234 903 366 3427, +234 903 387 1287, +234 903 408 7953, +234 903 411 3082, +234 903 482 9110, +234 903 509 5678,
+234 903 537 0138, +234 903 589 9793, +234 903 641 1064, +234 903 650 0976, +234 903 706 3948, +234 903 754 4889, +234
903 763 2667, +234 903 769 0331, +234 903 807 1561, +234 903 853 7312, +234 903 863 9077, +234 903 959 0925, +234 903
959 9785, +234 905 073 5734, +234 905 353 6633, +234 905 592 2459, +234 905 686 6401, +234 905 693 8791, +234 905 840
9744, +234 905 904 0945, +234 906 015 0264, +234 906 057 1623, +234 906 134 0602, +234 906 360 1646, +234 906 366 3230,
+234 906 426 6062, +234 906 471 7975, +234 906 534 6240, +234 906 773 1135, +234 906 794 3258, +234 906 804 6554, +234
906 853 5768, +234 906 891 0886, +234 906 920 4369, +234 906 962 5439, +234 906 978 1252, +234 907 128 8505, +234 907
271 9389, +234 907 280 9552, +234 907 590 9166, +234 907 613 2980, +234 907 683 9710, +234 907 788 2045, +234 908 546
7345, +234 908 671 8770, +234 909 047 3032, +234 909 173 4082, +234 909 522 6546, +234 909 642 7437, +234 909 829 4617,
+234 909 894 0606