+233 24 039 5844, +234 701 930 6672, +234 703 220 2333, +234 703 266 6375, +234 703 497 5796, +234 703 548 9194, +234 703 736 6700, +234 703 849 8960, +234 703 871 2582, +234 703 918 7677, +234 703 964 5057, +234 705 791 0299, +234 706 112 1432, +234
706 221 5537, +234 706 249 5491, +234 706 339 9268, +234 706 347 6398, +234 706 446 3371, +234 706 464 0383, +234 706 479 7143, +234 706 607 0342, +234 706 650 1946, +234 706 729 0870, +234 706 760 3168, +234 706 795 9500, +234 706 961 9980, +234 708
492 5493, +234 802 713 1370, +234 802 719 1308, +234 802 785 5399, +234 803 098 5190, +234 803 152 1653, +234 803 155 5001, +234 803 558 7637, +234 803 770 0719, +234 803 910 7766, +234 803 953 6383, +234 805 409 6190, +234 805 907 7852, +234 806 165
7932, +234 806 283 5589, +234 806 486 6050, +234 806 755 2393, +234 806 816 2919, +234 806 856 2229, +234 807 182 0186, +234 808 812 9790, +234 808 813 6425, +234 809 071 3121, +234 809 257 2647, +234 809 944 6899, +234 810 008 3550, +234 810 051 6699,
+234 810 056 4197, +234 810 283 7522, +234 810 291 9191, +234 810 394 9377, +234 810 501 2704, +234 810 709 0657, +234 810 898 0778, +234 811 143 8821, +234 811 421 8222, +234 811 544 6617, +234 811 724 7117, +234 811 926 6178, +234 811 981 4421, +234
812 037 0185, +234 812 139 0320, +234 812 297 5338, +234 812 548 9358, +234 813 041 9550, +234 813 306 6359, +234 813 616 5640, +234 813 698 3543, +234 813 725 9863, +234 813 833 6473, +234 813 865 6172, +234 813 947 9414, +234 814 035 1924, +234 814
098 5896, +234 814 433 6045, +234 814 441 6404, +234 814 515 6235, +234 814 555 3024, +234 814 667 9908, +234 814 814 7974, +234 814 993 6415, +234 814 996 6036, +234 815 643 9099, +234 815 756 9424, +234 815 794 5334, +234 816 068 2431, +234 816 069
1311, +234 816 219 1239, +234 816 223 7927, +234 816 437 6172, +234 816 502 5905, +234 816 527 5687, +234 816 607 6858, +234 816 614 8205, +234 816 619 2081, +234 816 673 7714, +234 816 728 6577, +234 816 830 4669, +234 816 927 6673, +234 816 939 4286,
+234 816 996 6433, +234 817 005 8094, +234 817 194 7026, +234 817 196 7257, +234 817 376 5334, +234 817 537 5991, +234 817 549 3930, +234 817 908 2163, +234 818 015 2128, +234 818 161 9525, +234 818 570 4623, +234 9015389412, +234 902 003 3078, +234 902
132 1218, +234 902 858 7671, +234 903 065 1042, +234 903 066 6393, +234 903 130 8608, +234 903 371 5856, +234 903 554 2607, +234 905 115 1706, +234 905 430 1899, +234 905 522 5252, +234 905 666 0724, +234 906 138 8641, +234 906 162 1694, +234 906 534
4603, +234 907 182 5488, +234 908 126 2149, +44 7459 434591, +52 1 81 8024 9109